date asleep awake awakenings inbed steps
20190501 0 0 0 0 0
20190502 0 0 0 0 0
20190503 0 0 0 0 0
20190504 0 0 0 0 0
20190505 0 0 0 0 0
20190506 0 0 0 0 0
20190507 0 0 0 0 0
20190508 0 0 0 0 0
20190509 0 0 0 0 0
20190510 0 0 0 0 0
20190511 0 0 0 0 0
20190512 0 0 0 0 0
20190513 0 0 0 0 0
20190514 0 0 0 0 0
20190515 0 0 0 0 0
20190516 0 0 0 0 0
20190517 0 0 0 0 0
20190518 0 0 0 0 0
20190519 0 0 0 0 0
20190520 0 0 0 0 0
20190521 0 0 0 0 0
20190522 0 0 0 0 0
20190523 0 0 0 0 0
20190524 0 0 0 0 0
20190525 0 0 0 0 0
20190526 0 0 0 0 0
20190527 0 0 0 0 0
20190528 0 0 0 0 0
20190529 0 0 0 0 0
20190530 0 0 0 0 0
20190531 0 0 0 0 0
