date asleep awake awakenings inbed steps
20191201 0 0 0 0 0
20191202 0 0 0 0 0
20191203 0 0 0 0 0
20191204 0 0 0 0 0
20191205 0 0 0 0 0
20191206 0 0 0 0 0
20191207 0 0 0 0 0
20191208 0 0 0 0 0
20191209 0 0 0 0 0
20191210 0 0 0 0 0
20191211 0 0 0 0 0
20191212 0 0 0 0 0
20191213 0 0 0 0 0
20191214 0 0 0 0 0
20191215 0 0 0 0 0
20191216 0 0 0 0 0
20191217 0 0 0 0 0
20191218 0 0 0 0 0
20191219 0 0 0 0 0
20191220 0 0 0 0 0
20191221 0 0 0 0 0
20191222 0 0 0 0 0
20191223 0 0 0 0 0
20191224 0 0 0 0 0
20191225 0 0 0 0 0
20191226 0 0 0 0 0
20191227 0 0 0 0 0
20191228 0 0 0 0 0
20191229 0 0 0 0 0
20191230 0 0 0 0 0
20191231 0 0 0 0 0
