date asleep awake awakenings inbed steps
20180901 541 30 3 586 20752
20180902 426 37 2 468 12808
20180903 487 11 0 499 13566
20180904 0 0 0 0 7957
20180905 374 15 2 400 8520
20180906 533 58 6 598 11662
20180907 487 74 6 565 25390
20180908 459 18 1 482 3316
20180909 435 6 0 442 22128
20180910 385 20 0 405 15503
20180911 385 21 3 406 8919
20180912 462 23 1 485 15565
20180913 419 23 2 442 9748
20180914 439 26 0 465 15583
20180915 435 56 3 499 3314
20180916 0 0 0 0 29553
20180917 359 26 3 406 14942
20180918 412 18 2 430 13281
20180919 409 24 2 433 14874
20180920 435 56 3 499 13461
20180921 457 11 9 468 12528
20180922 345 40 4 385 11573
20180923 457 11 0 468 23994
20180924 461 26 1 487 6571 
20180925 454 58 22 512 9361
20180926 499 33 10 532 11813
20180927 317 27 2 344 8115 
20180928 364 20 1 389 8636
20180929 503 69 7 573 6190
20180930 462 35 0 504 0
