date asleep awake awakenings inbed steps
20181101 374 21 3 397 0
20181102 0 0 0 0 0
20181103 0 0 0 0 0
20181104 0 0 0 0 0
20181105 0 0 0 0 0
20181106 0 0 0 0 0
20181107 0 0 0 0 0
20181108 0 0 0 0 0
20181109 0 0 0 0 0
20181110 0 0 0 0 0
20181111 0 0 0 0 0
20181112 0 0 0 0 0
20181113 0 0 0 0 0
20181114 0 0 0 0 0
20181115 0 0 0 0 0
20181116 0 0 0 0 0
20181117 0 0 0 0 0
20181118 0 0 0 0 0
20181119 0 0 0 0 0
20181120 0 0 0 0 0
20181121 0 0 0 0 0
20181122 0 0 0 0 0
20181123 0 0 0 0 0
20181124 0 0 0 0 0
20181125 0 0 0 0 0
20181126 0 0 0 0 0
20181127 0 0 0 0 0
20181128 0 0 0 0 0
20181129 0 0 0 0 0
20181130 0 0 0 0 0
