date asleep awake awakenings inbed
20180801 0 0 0 0
20180802 0 0 0 0
20180803 0 0 0 0
20180804 0 0 0 0
20180805 0 0 0 0
20180806 0 0 0 0
20180807 0 0 0 0
20180808 0 0 0 0
20180809 0 0 0 0
20180810 0 0 0 0
20180811 0 0 0 0
20180812 418 42 4 460
20180813 396 45 8 443
20180814 444 27 1 475
20180815 314 21 2 335
20180816 548 32 1 580
20180818 483 40 3 523
20180819 439 35 0 474
20180820 402 14 1 420
20180821 412 13 0 430
20180822 469 22 2 497
20180823 449 12 1 473
20180824 387 55 1 446
20180825 553 37 3 591
20180828 428 17 0 448
20180827 432 26 2 464
20180828 389 18 2 417
20180829 460 10 0 474
20180830 470 14 1 486
20180831 474 27 2 502
