date asleep awake awakenings inbed steps
20181001 386 47 3 440 7683
20181002 0 0 0 0 0
20181003 0 0 0 0 0
20181004 0 0 0 0 0
20181005 0 0 0 0 0
20181006 0 0 0 0 0
20181007 0 0 0 0 0
20181008 0 0 0 0 0
20181009 0 0 0 0 0
20181010 0 0 0 0 0
20181011 0 0 0 0 0
20181012 0 0 0 0 0
20181013 0 0 0 0 0
20181014 0 0 0 0 0
20181015 0 0 0 0 0
20181016 0 0 0 0 0
20181017 0 0 0 0 0
20181018 0 0 0 0 0
20181019 0 0 0 0 0
20181020 0 0 0 0 0
20181021 0 0 0 0 0
20181022 0 0 0 0 0
20181023 0 0 0 0 0
20181024 0 0 0 0 0
20181025 0 0 0 0 0
20181026 0 0 0 0 0
20181027 0 0 0 0 0
20181028 0 0 0 0 0
20181029 0 0 0 0 0
20181030 0 0 0 0 0
20181031 0 0 0 0 0
