date заспал буден awakenings inbed крaчки
20181201 403 33 2 436 7872
20181202 0 0 0 0 0
20181203 0 0 0 0 0
20181204 0 0 0 0 0
20181205 0 0 0 0 0
20181206 0 0 0 0 0
20181207 0 0 0 0 0
20181208 0 0 0 0 0
20181209 0 0 0 0 0
20181210 0 0 0 0 0
20181212 0 0 0 0 0
20181212 0 0 0 0 0
20181213 0 0 0 0 0
20181214 0 0 0 0 0
20181215 0 0 0 0 0
20181216 0 0 0 0 0
20181217 0 0 0 0 0
20181218 0 0 0 0 0
20181219 0 0 0 0 0
20181220 0 0 0 0 0
20181221 0 0 0 0 0
20181222 0 0 0 0 0
20181223 0 0 0 0 0
20181224 0 0 0 0 0
20181225 0 0 0 0 0
20181226 0 0 0 0 0
20181227 0 0 0 0 0
20181228 0 0 0 0 0
20181229 0 0 0 0 0
20181230 0 0 0 0 0
20181231 0 0 0 0 0
