date asleep awake awakenings inbed steps
20191001 0 0 0 0 0
20191002 0 0 0 0 0
20191003 0 0 0 0 0
20191004 0 0 0 0 0
20191005 0 0 0 0 0
20191006 0 0 0 0 0
20191007 0 0 0 0 0
20191008 0 0 0 0 0
20191009 0 0 0 0 0
20191010 0 0 0 0 0
20191011 0 0 0 0 0
20191012 0 0 0 0 0
20191013 0 0 0 0 0
20191014 0 0 0 0 0
20191015 0 0 0 0 0
20191016 0 0 0 0 0
20191017 0 0 0 0 0
20191018 0 0 0 0 0
20191019 0 0 0 0 0
20191020 0 0 0 0 0
20191021 0 0 0 0 0
20191022 0 0 0 0 0
20191023 0 0 0 0 0
20191024 0 0 0 0 0
20191025 0 0 0 0 0
20191026 0 0 0 0 0
20191027 0 0 0 0 0
20191028 0 0 0 0 0
20191029 0 0 0 0 0
20191030 0 0 0 0 0
20191031 0 0 0 0 0
