date asleep awake awakenings inbed steps
20191101 0 0 0 0 0
20191102 0 0 0 0 0
20191103 0 0 0 0 0
20191104 0 0 0 0 0
20191105 0 0 0 0 0
20191106 0 0 0 0 0
20191107 0 0 0 0 0
20191108 0 0 0 0 0
20191109 0 0 0 0 0
20191110 0 0 0 0 0
20191111 0 0 0 0 0
20191112 0 0 0 0 0
20191113 0 0 0 0 0
20191114 0 0 0 0 0
20191115 0 0 0 0 0
20191116 0 0 0 0 0
20191117 0 0 0 0 0
20191118 0 0 0 0 0
20191119 0 0 0 0 0
20191120 0 0 0 0 0
20191121 0 0 0 0 0
20191122 0 0 0 0 0
20191123 0 0 0 0 0
20191124 0 0 0 0 0
20191125 0 0 0 0 0
20191126 0 0 0 0 0
20191127 0 0 0 0 0
20191128 0 0 0 0 0
20191129 0 0 0 0 0
20191130 0 0 0 0 0
