date asleep awake awakenings inbed steps
20190601 0 0 0 0 0
20190602 0 0 0 0 0
20190603 0 0 0 0 0
20190604 0 0 0 0 0
20190605 0 0 0 0 0
20190606 0 0 0 0 0
20190607 0 0 0 0 0
20190608 0 0 0 0 0
20190609 0 0 0 0 0
20190610 0 0 0 0 0
20190611 0 0 0 0 0
20190612 0 0 0 0 0
20190613 0 0 0 0 0
20190614 0 0 0 0 0
20190615 0 0 0 0 0
20190616 0 0 0 0 0
20190617 0 0 0 0 0
20190618 0 0 0 0 0
20190619 0 0 0 0 0
20190620 0 0 0 0 0
20190621 0 0 0 0 0
20190622 0 0 0 0 0
20190623 0 0 0 0 0
20190624 0 0 0 0 0
20190625 0 0 0 0 0
20190626 0 0 0 0 0
20190627 0 0 0 0 0
20190628 0 0 0 0 0
20190629 0 0 0 0 0
20190630 0 0 0 0 0
