date asleep awake awakenings inbed steps
20190201 456 33 4 489 5184
20190202 417 49 2 466 9167
20190203 445 64 2 509 5473
20190204 376 29 1 405 8832
20190205 403 44 5 447 7473
20190206 395 47 3 442 8350
20190207 332 38 3 370 11996
20190208 474 28 1 502 5832
20190209 434 48 3 482 7416
20190210 311 21 0 331 9050
20190211 416 35 1 451 16775
20190212 330 34 0 364 14041
20190213 399 23 0 422 9510
20190214 380 40 3 420 12248
20190215 478 13 1 491 8302
20190216 371 32 2 403 8529
20190217 406 15 1 421 4956
20190218 356 47 3 403 4290
20190219 378 35 2 413 7162
20190220 402 41 1 443 0
20190221 0 0 0 0 0
20190222 0 0 0 0 0
20190223 0 0 0 0 0
20190224 0 0 0 0 0
20190225 0 0 0 0 0
20190226 0 0 0 0 0
20190227 0 0 0 0 0
20190228 0 0 0 0 0
