20190301 405 18 1 424 15598
20190302 475 23 0 498 9055
20190303 417 39 4 459 5433
20190304 472 48 1 499 4842
20190305 316 52 0 368 14554
20190306 438 27 2 465 9019
20190307 230 15 1 249 15735
20190308 550 15 1 565 14657
20190309 384 5 0 389 7455
20190310 432 34 5 467 4116
20190311 441 18 3 469 13619
20190312 421 47 6 476 5002
20190313 311 24 2 336 6656
20190314 418 11 0 429 11023
20190315 424 64 7 488 0
20190316 0 0 0 0 0
20190317 0 0 0 0 0
20190318 0 0 0 0 0
20190319 0 0 0 0 0
20190320 0 0 0 0 0
20190321 0 0 0 0 0
20190322 0 0 0 0 0
20190323 0 0 0 0 0
20190324 0 0 0 0 0
20190325 0 0 0 0 0
20190326 0 0 0 0 0
20190327 0 0 0 0 0
20190328 0 0 0 0 0
20190329 0 0 0 0 0
20190330 0 0 0 0 0
20190331 0 0 0 0 0
