date asleep awake awakenings inbed steps
20190901 0 0 0 0 0
20190902 0 0 0 0 0
20190903 0 0 0 0 0
20190904 0 0 0 0 0
20190905 0 0 0 0 0
20190906 0 0 0 0 0
20190907 0 0 0 0 0
20190908 0 0 0 0 0
20190909 0 0 0 0 0
20190910 0 0 0 0 0
20190911 0 0 0 0 0
20190912 0 0 0 0 0
20190913 0 0 0 0 0
20190914 0 0 0 0 0
20190915 0 0 0 0 0
20190916 0 0 0 0 0
20190917 0 0 0 0 0
20190918 0 0 0 0 0
20190919 0 0 0 0 0
20190920 0 0 0 0 0
20190921 0 0 0 0 0
20190922 0 0 0 0 0
20190923 0 0 0 0 0
20190924 0 0 0 0 0
20190925 0 0 0 0 0
20190926 0 0 0 0 0
20190927 0 0 0 0 0
20190928 0 0 0 0 0
20190929 0 0 0 0 0
20190930 0 0 0 0 0
