date asleep awake awakenings inbed steps
20190801 0 0 0 0 0
20190802 0 0 0 0 0
20190803 0 0 0 0 0
20190804 0 0 0 0 0
20190805 0 0 0 0 0
20190806 0 0 0 0 0
20190807 0 0 0 0 0
20190808 0 0 0 0 0
20190809 0 0 0 0 0
20190810 0 0 0 0 0
20190811 0 0 0 0 0
20190812 0 0 0 0 0
20190813 0 0 0 0 0
20190814 0 0 0 0 0
20190815 0 0 0 0 0
20190816 0 0 0 0 0
20190817 0 0 0 0 0
20190818 0 0 0 0 0
20190819 0 0 0 0 0
20190820 0 0 0 0 0
20190821 0 0 0 0 0
20190822 0 0 0 0 0
20190823 0 0 0 0 0
20190824 0 0 0 0 0
20190825 0 0 0 0 0
20190826 0 0 0 0 0
20190827 0 0 0 0 0
20190828 0 0 0 0 0
20190829 0 0 0 0 0
20190830 0 0 0 0 0
20190831 0 0 0 0 0
