date asleep awake awakenings inbed steps
20190101 324 32 2 356 2362
20190102 441 33 3 474 7630
20190103 356 23 2 379 8878
20190104 349 23 1 372 7513
20190105 435 11 0 446 6185
20190106 444 62 3 506 6562
20190107 368 39 2 407 6888
20190108 427 32 1 459 6851
20190109 373 45 3 418 4107
20190110 406 52 3 458 6255
20190111 355 32 3 387 7652
20190112 456 69 6 525 8304
20190113 404 36 1 440 6038
20190114 464 27 0 491 10039
20190115 345 45 1 390 7730
20190116 372 45 4 417 8335
20190117 371 33 2 404 6856
20190118 414 52 2 466 4474
20190119 350 35 4 385 4725
20190120 437 24 8 461 8481
20190121 399 29 3 428 5044
20190122 246 17 1 263 6599
20190123 373 15 0 388 6875
20190124 294 18 2 312 13609
20190125 438 10 0 448 8909
20190126 468 45 0 513 4925
20190127 394 18 3 412 2469
20190128 455 37 1 492 7565
20190129 390 19 0 409 6610
20190130 390 32 1 422 9147
20190131 413 22 1 435 5900
