date asleep awake awakenings inbed steps
20190401 0 0 0 0 0
20190402 0 0 0 0 0
20190403 0 0 0 0 0
20190404 0 0 0 0 0
20190405 0 0 0 0 0
20190406 0 0 0 0 0
20190407 0 0 0 0 0
20190408 0 0 0 0 0
20190409 0 0 0 0 0
20190410 0 0 0 0 0
20190411 0 0 0 0 0
20190412 0 0 0 0 0
20190413 0 0 0 0 0
20190414 0 0 0 0 0
20190415 0 0 0 0 0
20190416 0 0 0 0 0
20190417 0 0 0 0 0
20190418 0 0 0 0 0
20190419 0 0 0 0 0
20190420 0 0 0 0 0
20190421 0 0 0 0 0
20190422 0 0 0 0 0
20190423 0 0 0 0 0
20190424 0 0 0 0 0
20190425 0 0 0 0 0
20190426 0 0 0 0 0
20190427 0 0 0 0 0
20190428 0 0 0 0 0
20190429 0 0 0 0 0
20190430 0 0 0 0 0
