20121015 96.60 96.60 96.60
20121016 95.20 95.90 95.90
20121017 95.20 95.67 95.67
20121018 95.20 95.55 95.55
20121019 97.50 95.94 95.94
20121020 95.90 95.93 95.93
20121021 95.90 95.93 95.93
20121022 96.00 95.84 95.94
20121023 94.50 95.74 95.78
20121024 95.10 95.73 95.71
20121025 95.30 95.74 95.67
20121026 95.30 95.43 95.64
20121027 95.60 95.39 95.64
20121028 94.80 95.23 95.58
20121029 94.30 94.99 95.41
20121030 93.00 94.77 95.26
20121031 93.00 94.47 95.10
20121101 92.20 94.03 94.89
20121102 92.90 93.69 94.56
20121103 91.80 93.14 94.26
20121104 92.90 92.87 94.05
20121105 93.40 92.74 93.86
20121106 91.70 92.56 93.66
20121107 91.70 92.37 93.42
20121108 91.50 92.27 93.15
20121109 93.50 92.36 93.02
20121110 93.50 92.60 92.87
20121111 93.50 92.69 92.78
20121112 92.70 92.59 92.66
20121113 93.50 92.84 92.70
20121114 92.60 92.97 92.67
20121115 92.60 93.13 92.70
20121116 93.30 93.10 92.73
20121117 92.10 92.90 92.75
20121118 91.70 92.64 92.66
20121119 91.60 92.49 92.54
20121120 91.20 92.16 92.50
20121121 90.50 91.86 92.41
20121122 90.80 91.60 92.36
20121123 90.60 91.21 92.16
20121124 91.50 91.13 92.01
20121125 91.10 91.04 91.84
20121126 91.20 90.99 91.74
20121127 90.40 90.87 91.51
20121128 89.10 90.67 91.26
20121129 89.30 90.46 91.03
20121130 90.40 90.43 90.82
20121201 89.30 90.11 90.62
20121202 90.60 90.04 90.54
20121203 90.30 89.91 90.45
20121204 91.00 90.00 90.44
20121205 89.90 90.11 90.39
20121206 90.20 90.24 90.35
20121207 89.70 90.14 90.29
20121208 90.10 90.26 90.19
20121209 89.70 90.13 90.09
20121210 89.30 89.99 89.95
20121211 90.10 89.86 89.93
20121212 89.40 89.79 89.95
20121213 89.00 89.61 89.93
20121214 89.40 89.57 89.86
20121215 89.10 89.43 89.84
20121216 88.30 89.23 89.68
20121217 86.70 88.86 89.42
20121218 86.30 88.31 89.09
20121219 86.40 87.89 88.84
20121220 85.50 87.39 88.50
20121221 86.60 86.99 88.28
20121222 87.30 86.73 88.08
20121223 87.00 86.54 87.89
20121224 86.80 86.56 87.71
20121225 88.20 86.83 87.57
20121226 90.40 87.40 87.64
20121227 89.60 87.99 87.69
20121228 89.30 88.37 87.68
20121229 87.50 88.40 87.56
20121230 87.10 88.41 87.48
20121231 86.80 88.41 87.49
20130101 88.20 88.41 87.62
20130102 88.60 88.16 87.78
20130103 88.10 87.94 87.96
20130104 88.50 87.83 88.10
20130105 87.20 87.79 88.09
20130106 86.80 87.74 88.08
20130107 87.90 87.90 88.16
20130108 87.60 87.81 88.11
20130109 86.70 87.54 87.85
20130110 87.70 87.49 87.71
20130111 86.20 87.16 87.49
20130112 88.20 87.30 87.54
20130113 87.40 87.39 87.56
20130114 87.10 87.27 87.59
20130115 87.50 87.26 87.54
20130116 88.30 87.49 87.51
20130117 88.40 87.59 87.54
20130118 89.50 88.06 87.61
20130119 87.20 87.91 87.61
20130120 87.60 87.94 87.66
20130121 86.90 87.91 87.59
20130122 87.00 87.84 87.55
20130123 88.00 87.80 87.64
20130124 87.60 87.69 87.64
20130125 87.60 87.41 87.74
20130126 86.00 87.24 87.58
20130127 86.00 87.01 87.48
20130128 86.80 87.00 87.46
20130129 87.30 87.04 87.44
20130130 86.50 86.83 87.31
20130131 87.20 86.77 87.23
20130201 87.20 86.71 87.06
20130202 86.30 86.76 87.00
20130203 86.50 86.83 86.92
20130204 88.50 87.07 87.04
20130205 87.60 87.11 87.08
20130206 87.40 87.24 87.04
20130207 87.40 87.27 87.02
20130208 87.60 87.33 87.02
20130209 85.80 87.26 87.01
20130210 85.90 87.17 87.00
20130211 86.30 86.86 86.96
20130212 86.30 86.67 86.89
20130213 86.40 86.53 86.89
20130214 85.80 86.30 86.79
20130215 86.90 86.20 86.76
20130216 86.30 86.27 86.76
20130217 86.40 86.34 86.76
20130218 85.80 86.27 86.56
20130219 86.10 86.24 86.46
20130220 85.30 86.09 86.31
20130221 85.70 86.07 86.19
20130222 86.00 85.94 86.07
20130223 85.40 85.81 86.04
20130224 85.30 85.66 86.00
20130225 87.00 85.83 86.05
20130226 87.60 86.04 86.14
20130227 86.80 86.26 86.17
20130228 86.40 86.36 86.21
20130301 85.70 86.31 86.13
20130302 86.00 86.40 86.11
20130303 87.70 86.74 86.20
20130304 87.00 86.74 86.29
20130305 88.70 86.90 86.47
20130306 86.80 86.90 86.58
20130307 87.60 87.07 86.71
20130308 87.10 87.27 86.79
20130309 85.50 87.20 86.80
20130310 86.50 87.03 86.89
20130311 87.40 87.09 86.91
20130312 87.40 86.90 86.90
20130313 88.00 87.07 86.99
20130314 86.70 86.94 87.01
20130315 87.60 87.01 87.14
20130316 86.90 87.21 87.21
20130317 86.90 87.27 87.15
20130318 87.70 87.31 87.20
20130319 88.10 87.41 87.16
20130320 87.00 87.27 87.17
20130321 87.00 87.31 87.13
20130322 87.90 87.36 87.19
20130323 85.70 87.19 87.20
20130324 85.70 87.01 87.14
20130325 87.40 86.97 87.14
20130326 87.00 86.81 87.11
20130327 86.20 86.70 86.99
20130328 86.20 86.59 86.95
20130329 87.40 86.51 86.94
20130330 86.50 86.63 86.91
20130331 87.90 86.94 86.98
20130401 89.30 87.21 87.09
20130402 87.70 87.31 87.06
20130403 86.70 87.39 87.04
20130404 87.20 87.53 87.06
20130405 86.90 87.46 86.99
20130406 85.50 87.31 86.97
20130407 86.00 87.04 86.99
20130408 86.10 86.59 86.90
20130409 85.70 86.30 86.81
20130410 85.00 86.06 86.72
20130411 85.50 85.81 86.67
20130412 86.80 85.80 86.63
20130413 85.00 85.73 86.52
20130414 85.40 85.64 86.34
20130415 86.00 85.63 86.11
20130416 85.70 85.63 85.96
20130417 85.10 85.64 85.85
20130418 85.10 85.59 85.70
20130419 85.40 85.39 85.59
20130420 84.40 85.30 85.51
20130421 84.40 85.16 85.40
20130422 84.70 84.97 85.30
20130423 84.40 84.79 85.21
20130424 83.10 84.50 85.07
20130425 84.90 84.47 85.03
20130426 85.80 84.53 84.96
20130427 84.50 84.54 84.92
20130428 86.70 84.87 85.01
20130429 83.00 84.63 84.80
20130430 83.50 84.50 84.64
20130501 83.00 84.49 84.49
20130502 83.00 84.21 84.34
20130503 84.00 83.96 84.24
20130504 83.00 83.74 84.14
20130505 84.00 83.36 84.11
20130506 85.00 83.64 84.14
20130507 84.50 83.79 84.14
20130508 84.70 84.03 84.26
20130509 85.50 84.39 84.30
20130510 86.50 84.74 84.35
20130511 84.90 85.01 84.38
20130512 86.40 85.36 84.36
20130513 86.10 85.51 84.58
20130514 85.50 85.66 84.72
20130515 85.00 85.70 84.86
20130516 84.70 85.59 84.99
20130517 84.50 85.30 85.02
20130518 85.00 85.31 85.16
20130519 83.20 84.86 85.11
20130520 85.40 84.76 85.14
20130521 85.00 84.69 85.17
20130522 85.40 84.74 85.22
20130523 84.40 84.70 85.14
20130524 85.10 84.79 85.04
20130525 85.10 84.80 85.06
20130526 85.50 85.13 84.99
20130527 86.30 85.26 85.01
20130528 85.70 85.36 85.02
20130529 86.00 85.44 85.09
20130530 86.30 85.71 85.21
20130531 87.80 86.10 85.44
20130601 86.40 86.29 85.54
20130602 85.80 86.33 85.73
20130603 85.80 86.26 85.76
20130604 86.40 86.36 85.86
20130605 84.90 86.20 85.82
20130606 86.10 86.17 85.94
20130607 87.40 86.11 86.11
20130608 87.00 86.20 86.24
20130609 86.30 86.27 86.30
20130610 85.90 86.29 86.27
20130611 86.30 86.27 86.31
20130612 84.80 86.26 86.23
20130613 86.40 86.30 86.24
20130614 85.50 86.03 86.07
20130615 85.40 85.80 86.00
20130616 85.50 85.69 85.98
20130617 85.90 85.69 85.99
20130618 85.50 85.57 85.92
20130619 85.20 85.63 85.94
20130620 85.20 85.46 85.88
20130621 84.60 85.33 85.68
20130622 85.60 85.36 85.58
20130623 85.20 85.31 85.50
20130624 85.40 85.24 85.46
20130625 86.30 85.36 85.46
20130626 87.30 85.66 85.64
20130627 86.50 85.84 85.65
20130628 87.00 86.19 85.76
20130629 87.50 86.46 85.91
20130630 87.50 86.79 86.05
20130701 87.70 87.11 86.18
20130702 85.70 87.03 86.19
20130703 85.10 86.71 86.19
20130704 85.20 86.53 86.19
20130705 85.40 86.30 86.24
20130706 86.90 86.21 86.34
20130707 86.80 86.11 86.45
20130708 88.00 86.16 86.64
20130709 88.10 86.50 86.76
20130710 86.90 86.76 86.74
20130711 88.60 87.24 86.89
20130712 87.30 87.51 86.91
20130713 88.10 87.69 86.95
20130714 87.30 87.76 86.94
20130715 88.00 87.76 86.96
20130716 87.70 87.70 87.10
20130717 86.40 87.63 87.19
20130718 87.30 87.44 87.34
20130719 87.30 87.44 87.48
20130720 87.70 87.39 87.54
20130721 88.10 87.50 87.63
20130722 88.30 87.54 87.65
20130723 88.00 87.59 87.64
20130724 87.30 87.71 87.67
20130725 87.80 87.79 87.61
20130726 88.00 87.89 87.66
20130727 87.80 87.90 87.64
20130728 87.00 87.74 87.62
20130729 90.30 88.03 87.79
20130730 88.30 88.07 87.83
20130731 86.60 87.97 87.84
20130801 87.60 87.94 87.86
20130802 87.70 87.90 87.89
20130803 86.60 87.73 87.81
20130804 86.50 87.66 87.70
20130805 87.50 87.26 87.64
20130806 87.80 87.19 87.63
20130807 88.00 87.39 87.68
20130808 89.10 87.60 87.77
20130809 87.30 87.54 87.72
20130810 86.20 87.49 87.61
20130811 85.70 87.37 87.51
20130812 86.50 87.23 87.24
20130813 87.10 87.13 87.16
20130814 86.50 86.91 87.15
20130815 85.50 86.40 87.00
20130816 86.00 86.21 86.88
20130817 85.40 86.10 86.79
20130818 84.70 85.96 86.66
20130819 84.80 85.71 86.47
20130820 85.00 85.41 86.27
20130821 84.90 85.19 86.05
20130822 86.40 85.31 85.86
20130823 86.60 85.40 85.81
20130824 86.00 85.49 85.79
20130825 87.00 85.81 85.89
20130826 87.00 86.13 85.92
20130827 86.00 86.27 85.84
20130828 85.50 86.36 85.77
20130829 85.00 86.16 85.74
20130830 87.00 86.21 85.81
20130831 85.70 86.17 85.83
20130901 85.50 85.96 85.89
20130902 87.70 86.06 86.09
20130903 88.20 86.37 86.32
20130904 88.60 86.81 86.59
20130905 88.20 87.27 86.71
20130906 87.70 87.37 86.79
20130907 88.00 87.70 86.94
20130908 89.50 88.27 87.11
20130909 89.70 88.56 87.31
20130910 88.70 88.63 87.50
20130911 88.30 88.59 87.70
20130912 90.50 88.91 88.09
20130913 91.10 89.40 88.39
20130914 89.50 89.61 88.66
20130915 88.70 89.50 88.89
20130916 87.40 89.17 88.86
20130917 87.40 88.99 88.81
20130918 88.00 88.94 88.76
20130919 90.00 88.87 88.89
20130920 90.20 88.74 89.07
20130921 90.40 88.87 89.24
20130922 90.20 89.09 89.29
20130923 90.50 89.53 89.35
20130924 90.20 89.93 89.46
20130925 89.70 90.17 89.56
20130926 90.60 90.26 89.56
20130927 90.00 90.23 89.49
20130928 90.80 90.29 89.58
20130929 89.50 90.19 89.64
20130930 91.80 90.37 89.95
20131001 90.00 90.34 90.14
20131002 89.70 90.34 90.26
20131003 89.70 90.21 90.24
20131004 90.90 90.34 90.29
20131005 90.10 90.24 90.26
20131006 90.20 90.34 90.26
20131007 89.90 90.07 90.22
20131008 89.60 90.01 90.18
20131009 90.20 90.09 90.21
20131010 89.50 90.06 90.14
20131011 90.00 89.93 90.14
20131012 88.60 89.71 89.98
20131013 90.00 89.69 90.01
20131014 91.30 89.89 89.98
20131015 91.20 90.11 90.06
20131016 90.90 90.21 90.15
20131017 91.70 90.53 90.29
20131018 91.00 90.67 90.30
20131019 89.50 90.80 90.26
20131020 91.30 90.99 90.34
20131021 90.90 90.93 90.41
20131022 91.70 91.00 90.56
20131023 90.50 90.94 90.58
20131024 90.40 90.76 90.64
20131025 90.70 90.71 90.69
20131026 90.50 90.86 90.83
20131027 91.00 90.81 90.90
20131028 91.50 90.90 90.91
20131029 92.00 90.94 90.97
20131030 92.20 91.19 91.06
20131031 93.20 91.59 91.17
20131101 92.40 91.83 91.27
20131102 91.50 91.97 91.41
20131103 93.40 92.31 91.56
20131104 93.10 92.54 91.72
20131105 93.90 92.81 91.88
20131106 93.60 93.01 92.10
20131107 93.60 93.07 92.33
20131108 93.90 93.29 92.56
20131109 94.10 93.66 92.81
20131110 92.70 93.56 92.94
20131111 96.40 94.03 93.29
20131112 95.20 94.21 93.51
20131118 94.10 94.29 93.65
20131119 95.10 94.50 93.79
20131120 95.20 94.69 93.99
20131121 95.60 94.90 94.28
20131122 95.10 95.24 94.40
20131123 94.20 94.93 94.48
20131124 95.80 95.01 94.61
20131125 95.20 95.17 94.73
20131126 96.90 95.43 94.96
20131127 96.80 95.66 95.17
20131128 95.60 95.66 95.28
20131129 95.30 95.69 95.46
20131130 94.90 95.79 95.36
20131201 95.00 95.67 95.34
20131202 95.10 95.66 95.41
20131203 95.40 95.44 95.44
20131204 96.30 95.37 95.51
20131205 95.70 95.39 95.52
20131208 100.00 96.06 95.87
20131209 98.00 96.50 96.14
20131210 98.30 96.97 96.32
20131211 97.80 97.36 96.51
20131212 97.80 97.70 96.57
20131213 97.60 97.89 96.63
20131216 98.70 98.31 96.85
20131217 99.10 98.19 97.12
20131220 100.10 98.49 97.49
20131221 98.50 98.51 97.74
20131222 98.10 98.56 97.96
20131223 98.30 98.63 98.16
20131224 97.90 98.67 98.28
20131225 97.50 98.50 98.41
20131226 97.60 98.29 98.24
20131227 98.70 98.09 98.29
20131228 98.30 98.06 98.29
20131229 98.50 98.11 98.34
20131230 100.10 98.37 98.50
20131231 99.70 98.63 98.65
20140101 100.10 99.00 98.75
