#Date Weight Trend BMI BSL Trend
2023-02-18 114.10 114.10 37.26 23.20 23.20
2023-02-19 113.50 114.04 37.24 18.00 22.68
2023-02-20 113.00 113.94 37.21 16.30 22.04
2023-02-21 112.90 113.83 37.18 13.50 21.19
2023-02-22 111.90 113.64 37.11 14.10 20.48
2023-02-23 111.50 113.43 37.04 13.60 19.79
2023-02-24 111.40 113.22 36.98 13.40 19.15
2023-02-25 110.70 112.97 36.89 12.40 18.48
2023-02-26 109.70 112.64 36.79 11.90 17.82
2023-02-27 108.90 112.27 36.67 10.40 17.08
2023-02-28 109.20 111.96 36.56 11.10 16.48
2023-03-01 107.80 111.55 36.43 9.90 15.82
2023-03-02 106.80 111.07 36.27 9.10 15.15
2023-03-03 106.70 110.64 36.13 8.90 14.53
2023-03-04 106.50 110.22 36.00 9.20 13.99
2023-03-05 106.50 109.85 35.88 8.50 13.45
2023-03-06 106.50 109.52 35.77 8.00 12.90
2023-03-07 106.70 109.24 35.67 8.70 12.48
2023-03-08 106.00 108.91 35.57 8.50 12.08
2023-03-09 105.70 108.59 35.46 8.20 11.70
2023-03-10 105.90 108.32 35.38 9.20 11.45
2023-03-11 106.20 108.11 35.31 7.70 11.07
2023-03-12 106.00 107.90 35.24 8.50 10.82
2023-03-13 105.50 107.66 35.16 8.40 10.57
2023-03-14 104.90 107.38 35.07 8.40 10.36
2023-03-15 105.60 107.21 35.01 7.30 10.05
2023-03-16 106.20 107.11 34.98 9.80 10.03
2023-03-17 105.50 106.95 34.93 9.60 9.99
2023-03-18 105.40 106.79 34.88 8.60 9.85
2023-03-19 105.60 106.67 34.84 8.20 9.68
