#Date Weight Trend BMI
2018-08-12 121.9 121.90 39.80
2018-08-13 119.3 121.64 38.96
2018-08-14 118.9 121.37 38.82
2018-08-15 118.8 121.11 38.79
2018-08-16 117.9 120.79 38.50
2018-08-17 117.8 120.49 38.47
2018-08-18 116.4 120.08 38.01
2018-08-19 116.0 119.67 37.88
2018-08-20 116.2 119.33 37.94
2018-08-21 115.8 118.97 37.81
2018-08-22 115.5 118.63 37.71
2018-08-23 115.3 118.29 37.65
2018-08-24 114.6 117.92 37.42
2018-08-25 114.3 117.56 37.32
2018-08-26 112.2 117.03 36.64
2018-08-27 111.7 116.49 36.47
2018-08-28 112.2 116.06 36.64
2018-08-29 111.8 115.64 36.51
2018-08-30 111.3 115.20 36.34
2018-08-31 110.5 114.73 36.08
2018-09-01 109.8 114.24 35.85
2018-09-02 109.3 113.75 35.69
2018-09-03 110.4 113.41 36.05
2018-09-04 109.8 113.05 35.85
2018-09-05 110.1 112.76 35.95
2018-09-06 110.8 112.56 36.18
2018-09-07 110.5 112.35 36.08
2018-09-08 109.1 112.03 35.62
2018-09-09 108.8 111.71 35.53
2018-09-10 109.4 111.47 35.72
2018-09-11 109.4 111.27 35.72
2018-09-12 108.5 110.99 35.43
2018-09-13 108.5 110.74 35.43
2018-09-14 108.0 110.47 35.27
2018-09-15 107.4 110.16 35.07
2018-09-16 105.0 109.64 34.29
